OS  16x16       32x32      64x64
00  1.88e+02    4.80e+01   2.33e+01
02  7.57e+03    2.31e+03   5.73e+02
04  1.07e+04    3.00e+03   4.46e+02
07  1.14e+04    1.88e+03   1.88e+03
10  2.37e+03    2.37e+03   2.37e+03

RSC 16x16       32x32      64x64
00  3.53e+02    1.70e+02   1.16e+02
02  1.15e+04    4.39e+03   1.50e+03
04  1.20e+04    3.34e+03   9.50e+02
07  1.21e+04    2.67e+03   1.46e+03
10  3.03e+03    1.31e+03   5.70e+02

CS  16x16       32x32      64x64
00  1.06e+03    5.32e+02   2.49e+02
02  9.80e+03    2.47e+03   7.44e+02
04  1.06e+04    2.99e+03   5.50e+02
07  8.81e+03    2.44e+03   6.68e+02
10  2.78e+03    7.13e+02   1.72e+02