OS   Original     MChannel VariableB InputB OutputB WeightB    MChannelNew  3W     MaxDim  MaxDim    MaxDim64x64  MaxDim64x64
00   4222         2786     2680      3056   3981    11009      2367         2680   2563    3.05e+02  2240         1.01e+01
02   4562         2848     2406      2697   3623    11071      6607         2441   2719    2.66e+02  1897         8.55e+00
06   4382         2927     3081      3204   4422    10484      4986         3035   2717    3.67e+02  1814         3.09e+01
10   5661         3144     3063      3063   4411    10799      2508         3465   2233    9.01e+01  2233         3.81e+01
14   5018         3109     3403      3403   5143    10819      2505         4001   2156    3.67e+02  2156         1.47e+02
Sum                        14633                                                   12390

WS  Original     MChannel VariableB InputB OutputB WeightB    MChannelNew   3W     MaxDim  MaxDim    MaxDim64x64  MaxDim64x64
00   8558         2695     3061      2799   11530    8741      2631         2977   2560    7.28e+02  2560         7.28e+02
02   4067         2881     3758      3758   11369    5546      2185         4863   3758    5.58e+03  3758         5.58e+03
06   7001         2404     4052      4132   11301    6795      2350         3461   3759    5.58e+03  3759         5.58e+03
10   5658         2923     4311      4517   11719    7341      2622         3763   3494    1.30e+03  3494         1.30e+03
14   5567         2656     3833      4138   11612    4913      2425         3833   3596    5.34e+03  3596         5.34e+03
Sum                        19015                                                   17167

RS                                                                         3W      MaxDim  MaxDim    MaxDim64x64  MaxDim64x64
00                                                                         3016    2810    3.49e+02  2538         9.02e+01
02                                                                         3517    3441    1.10e+03  2103         1.67e+02
06                                                                         2905    2905    9.25e+02  2670         4.25e+02
10                                                                         3159    3016    2.40e+02  3016         2.40e+02
14                                                                         2862    2862    9.11e+02  2862         9.11e+02
Sum                                                                                15034

CS                                                                                 MaxDim  MaxDim    MaxDim64x64  MaxDim64x64
00                                                                                 2693    7.82e+02  2314         1.68e+02
02                                                                                 2487    1.34e+02  1590         7.98e+00
06                                                                                 2699    1.54e+02  1515         9.18e+00
10                                                                                 2681    3.74e+01  1927         2.29e+00
14                                                                                 2706    1.59e+02  1879         9.23e+00
Sum                                                                                13266